 0.03991  0.10461  0.93716  0.16894  0.98953  0.73231  0.39528  0.72484 0.82474  0.25593 
 0.38555  0.95554  0.32886  0.59780  0.09958  0.18065  0.81616  0.18711 0.53342  0.44276 
 0.17546  0.73704  0.92052  0.46215  0.15917  0.06253  0.07586  0.16120 0.82641  0.22820 
 0.32643  0.52861  0.95819  0.06831  0.19640  0.99413  0.90767  0.04235 0.13574  0.17200 
 0.69572  0.68777  0.39510  0.35905  0.85244  0.35159  0.40188  0.28193 0.29593  0.88627 
 0.24122  0.66591  0.27699  0.06494  0.03152  0.19121  0.34414  0.82157 0.86887  0.55087 
 0.61196  0.30231  0.92962  0.61773  0.22109  0.78508  0.63439  0.75363 0.44989  0.16822 
 0.30532  0.21704  0.10274  0.12202  0.94205  0.20380  0.67049  0.09070 0.93399  0.45547 
 0.03788  0.97599  0.75867  0.20717  0.82037  0.10268  0.79495  0.04146 0.52162  0.90286 
 0.48228  0.63379  0.85783  0.47619  0.87481  0.37220  0.91704  0.30552 0.04737  0.21031 
 0.88618  0.19161  0.41290  0.67312  0.71857  0.15957  0.48545  0.35247 0.18619  0.13674 
 0.71299  0.23853  0.05870  0.01119  0.92784  0.26340  0.75122  0.11724 0.74627  0.73707 
 0.27954  0.58908  0.82444  0.99005  0.04921  0.73701  0.92904  0.13141 0.32392  0.01973 
 0.60863  0.00514  0.20247  0.81759  0.45197  0.25332  0.68902  0.63742 0.78464  0.22501 
 0.33564  0.60780  0.48460  0.85555  0.15191  0.18782  0.94972  0.11598 0.62095  0.36787 
 0.90899  0.75754  0.60833  0.25983  0.01291  0.41349  0.19152  0.00023 0.12302  0.80763 
 0.78033  0.70267  0.43529  0.96318  0.38384  0.74761  0.36024  0.00867 0.76378  0.41605 
 0.55986  0.66485  0.88722  0.56736  0.66164  0.49431  0.94458  0.74284 0.05041  0.49807 
 0.67539  0.08823  0.94813  0.31900  0.54155  0.83436  0.54158  0.34243 0.46978  0.35482 
 0.16818  0.60311  0.74457  0.90561  0.72848  0.11834  0.75051  0.93029 0.47665  0.64382 
 0.34677  0.58300  0.74910  0.64345  0.19325  0.81549  0.60365  0.94653 0.35075  0.33949 
 0.45305  0.07521  0.61318  0.31855  0.14413  0.70951  0.83799  0.42402 0.56623  0.34442 
 0.59747  0.67277  0.76503  0.34513  0.39663  0.77544  0.32960  0.07405 0.36409  0.83232 
 0.16520  0.68676  0.11654  0.99893  0.02131  0.68161  0.19322  0.53845 0.57620  0.52606 
 0.68652  0.27376  0.92852  0.55866  0.88448  0.03584  0.11220  0.94747 0.07399  0.37408 
 0.79375  0.95220  0.01159  0.63267  0.10622  0.43391  0.31751  0.57260 0.68980  0.05339 
 0.33521  0.36665  0.55823  0.47641  0.86225  0.31704  0.88492  0.99382 0.14454  0.04504 
 0.59589  0.49067  0.66821  0.41575  0.49767  0.04037  0.30934  0.47744 0.07481  0.83828 
 0.20554  0.92409  0.96277  0.48257  0.50816  0.97616  0.22888  0.48893 0.27499  0.98748 
 0.59404  0.72059  0.43947  0.51080  0.43852  0.59693  0.78212  0.16993 0.45902  0.91386 
 0.42614  0.20297  0.01918  0.28316  0.25163  0.01889  0.70014  0.15021 0.68971  0.11403 
 0.34994  0.41374  0.70071  0.14736  0.65261  0.07629  0.37239  0.33295 0.18477  0.65622 
 0.99385  0.41600  0.11133  0.07586  0.36815  0.43625  0.15637  0.37509 0.14707  0.93997 
 0.66497  0.68646  0.78138  0.66559  0.64397  0.11692  0.05327  0.82162 0.83745  0.22567 
 0.48509  0.23929  0.27482  0.45476  0.04515  0.25624  0.95096  0.67945 0.16930  0.33361 
 0.15470  0.48355  0.88551  0.22596  0.83761  0.60873  0.43253  0.84145 0.20368  0.07126 
 0.20094  0.98977  0.74843  0.93413  0.14387  0.06345  0.80854  0.90279 0.41196  0.03748 
 0.73788  0.06533  0.28597  0.20405  0.51321  0.92246  0.80088  0.77074 0.66919  0.31678 
 0.60530  0.45128  0.74022  0.84617  0.72472  0.00008  0.80890  0.18002 0.35352  0.54131 
 0.44372  0.15486  0.65741  0.14014  0.05466  0.55306  0.93128  0.18464 0.79982  0.68416 